{
 "cells": [
  {
   "cell_type": "code",
   "execution_count": 1,
   "metadata": {},
   "outputs": [],
   "source": [
    "import pandas as pd\n",
    "import numpy as np\n",
    "import matplotlib.pyplot as plt\n",
    "from sklearn.linear_model import LogisticRegression"
   ]
  },
  {
   "cell_type": "code",
   "execution_count": 2,
   "metadata": {},
   "outputs": [
    {
     "name": "stdout",
     "output_type": "stream",
     "text": [
      "(2879, 48)\n"
     ]
    },
    {
     "data": {
      "text/html": [
       "<div>\n",
       "<style scoped>\n",
       "    .dataframe tbody tr th:only-of-type {\n",
       "        vertical-align: middle;\n",
       "    }\n",
       "\n",
       "    .dataframe tbody tr th {\n",
       "        vertical-align: top;\n",
       "    }\n",
       "\n",
       "    .dataframe thead th {\n",
       "        text-align: right;\n",
       "    }\n",
       "</style>\n",
       "<table border=\"1\" class=\"dataframe\">\n",
       "  <thead>\n",
       "    <tr style=\"text-align: right;\">\n",
       "      <th></th>\n",
       "      <th>ID</th>\n",
       "      <th>G1</th>\n",
       "      <th>G2</th>\n",
       "      <th>G3</th>\n",
       "      <th>G4</th>\n",
       "      <th>G5</th>\n",
       "      <th>T1</th>\n",
       "      <th>T2</th>\n",
       "      <th>T3</th>\n",
       "      <th>T4</th>\n",
       "      <th>...</th>\n",
       "      <th>R3</th>\n",
       "      <th>R4</th>\n",
       "      <th>R5</th>\n",
       "      <th>R6</th>\n",
       "      <th>R7</th>\n",
       "      <th>O1</th>\n",
       "      <th>O2</th>\n",
       "      <th>O3</th>\n",
       "      <th>O4</th>\n",
       "      <th>Y</th>\n",
       "    </tr>\n",
       "  </thead>\n",
       "  <tbody>\n",
       "    <tr>\n",
       "      <th>0</th>\n",
       "      <td>1</td>\n",
       "      <td>0</td>\n",
       "      <td>1</td>\n",
       "      <td>0</td>\n",
       "      <td>1</td>\n",
       "      <td>0</td>\n",
       "      <td>1</td>\n",
       "      <td>0</td>\n",
       "      <td>0</td>\n",
       "      <td>0</td>\n",
       "      <td>...</td>\n",
       "      <td>0</td>\n",
       "      <td>0</td>\n",
       "      <td>0</td>\n",
       "      <td>1</td>\n",
       "      <td>0</td>\n",
       "      <td>0</td>\n",
       "      <td>0</td>\n",
       "      <td>1</td>\n",
       "      <td>0</td>\n",
       "      <td>1</td>\n",
       "    </tr>\n",
       "    <tr>\n",
       "      <th>1</th>\n",
       "      <td>2</td>\n",
       "      <td>0</td>\n",
       "      <td>1</td>\n",
       "      <td>0</td>\n",
       "      <td>1</td>\n",
       "      <td>0</td>\n",
       "      <td>1</td>\n",
       "      <td>1</td>\n",
       "      <td>0</td>\n",
       "      <td>0</td>\n",
       "      <td>...</td>\n",
       "      <td>0</td>\n",
       "      <td>0</td>\n",
       "      <td>0</td>\n",
       "      <td>1</td>\n",
       "      <td>0</td>\n",
       "      <td>0</td>\n",
       "      <td>0</td>\n",
       "      <td>1</td>\n",
       "      <td>0</td>\n",
       "      <td>1</td>\n",
       "    </tr>\n",
       "    <tr>\n",
       "      <th>2</th>\n",
       "      <td>3</td>\n",
       "      <td>1</td>\n",
       "      <td>1</td>\n",
       "      <td>0</td>\n",
       "      <td>1</td>\n",
       "      <td>1</td>\n",
       "      <td>1</td>\n",
       "      <td>0</td>\n",
       "      <td>0</td>\n",
       "      <td>0</td>\n",
       "      <td>...</td>\n",
       "      <td>1</td>\n",
       "      <td>0</td>\n",
       "      <td>0</td>\n",
       "      <td>0</td>\n",
       "      <td>0</td>\n",
       "      <td>0</td>\n",
       "      <td>0</td>\n",
       "      <td>0</td>\n",
       "      <td>1</td>\n",
       "      <td>1</td>\n",
       "    </tr>\n",
       "    <tr>\n",
       "      <th>3</th>\n",
       "      <td>4</td>\n",
       "      <td>1</td>\n",
       "      <td>1</td>\n",
       "      <td>0</td>\n",
       "      <td>1</td>\n",
       "      <td>0</td>\n",
       "      <td>0</td>\n",
       "      <td>0</td>\n",
       "      <td>0</td>\n",
       "      <td>0</td>\n",
       "      <td>...</td>\n",
       "      <td>0</td>\n",
       "      <td>0</td>\n",
       "      <td>0</td>\n",
       "      <td>0</td>\n",
       "      <td>1</td>\n",
       "      <td>0</td>\n",
       "      <td>1</td>\n",
       "      <td>0</td>\n",
       "      <td>0</td>\n",
       "      <td>1</td>\n",
       "    </tr>\n",
       "    <tr>\n",
       "      <th>4</th>\n",
       "      <td>5</td>\n",
       "      <td>0</td>\n",
       "      <td>0</td>\n",
       "      <td>1</td>\n",
       "      <td>1</td>\n",
       "      <td>0</td>\n",
       "      <td>0</td>\n",
       "      <td>0</td>\n",
       "      <td>0</td>\n",
       "      <td>0</td>\n",
       "      <td>...</td>\n",
       "      <td>0</td>\n",
       "      <td>0</td>\n",
       "      <td>0</td>\n",
       "      <td>1</td>\n",
       "      <td>0</td>\n",
       "      <td>0</td>\n",
       "      <td>1</td>\n",
       "      <td>0</td>\n",
       "      <td>0</td>\n",
       "      <td>1</td>\n",
       "    </tr>\n",
       "  </tbody>\n",
       "</table>\n",
       "<p>5 rows × 48 columns</p>\n",
       "</div>"
      ],
      "text/plain": [
       "   ID  G1  G2  G3  G4  G5  T1  T2  T3  T4 ...  R3  R4  R5  R6  R7  O1  O2  O3  \\\n",
       "0   1   0   1   0   1   0   1   0   0   0 ...   0   0   0   1   0   0   0   1   \n",
       "1   2   0   1   0   1   0   1   1   0   0 ...   0   0   0   1   0   0   0   1   \n",
       "2   3   1   1   0   1   1   1   0   0   0 ...   1   0   0   0   0   0   0   0   \n",
       "3   4   1   1   0   1   0   0   0   0   0 ...   0   0   0   0   1   0   1   0   \n",
       "4   5   0   0   1   1   0   0   0   0   0 ...   0   0   0   1   0   0   1   0   \n",
       "\n",
       "   O4  Y  \n",
       "0   0  1  \n",
       "1   0  1  \n",
       "2   1  1  \n",
       "3   0  1  \n",
       "4   0  1  \n",
       "\n",
       "[5 rows x 48 columns]"
      ]
     },
     "execution_count": 2,
     "metadata": {},
     "output_type": "execute_result"
    }
   ],
   "source": [
    "train = pd.read_csv(\"train.csv\")\n",
    "test = pd.read_csv(\"test.csv\") \n",
    "print(train.shape)\n",
    "train.head()"
   ]
  },
  {
   "cell_type": "code",
   "execution_count": 3,
   "metadata": {},
   "outputs": [],
   "source": [
    "x = train.drop(['Y','ID'], axis=1)\n",
    "y = train['Y']\n",
    "#y.head()\n",
    "test = test.drop(['ID'], axis=1)  ##"
   ]
  },
  {
   "cell_type": "code",
   "execution_count": 24,
   "metadata": {},
   "outputs": [
    {
     "name": "stdout",
     "output_type": "stream",
     "text": [
      "0.59596857586016\n"
     ]
    }
   ],
   "source": [
    "from sklearn.ensemble import GradientBoostingClassifier\n",
    "from sklearn.metrics import accuracy_score\n",
    "from sklearn.model_selection import train_test_split\n",
    "from sklearn import model_selection\n",
    "import sklearn.metrics as metrics\n",
    "from sklearn.metrics import log_loss\n",
    "\n",
    "x_train, x_test, y_train, y_test = train_test_split(x, y, test_size =0.3) #0.2~0.3  test_size=0.33, random_state=seed)\n",
    "\n",
    "lr_list = [0.007,0.005,0.003,0.0025,0.002,0.0015,0.001]\n",
    "\n",
    "#for learning_rate in lr_list:\n",
    "clf = GradientBoostingClassifier(n_estimators=1700, learning_rate=0.007,max_depth=4) \n",
    "clf.fit(x_train, y_train) #max_features=2,\n",
    "\n",
    "\n",
    "    #print(\"Learning rate: \", learning_rate)\n",
    "pred= clf.predict_proba(x_test)\n",
    "print (metrics.log_loss(y_test, pred))"
   ]
  },
  {
   "cell_type": "code",
   "execution_count": 25,
   "metadata": {},
   "outputs": [
    {
     "name": "stdout",
     "output_type": "stream",
     "text": [
      "            0         1         2\n",
      "0    0.786275  0.000097  0.213629\n",
      "1    0.002371  0.994970  0.002658\n",
      "2    0.630793  0.000145  0.369062\n",
      "3    0.754606  0.000143  0.245251\n",
      "4    0.003209  0.991727  0.005064\n",
      "5    0.535574  0.000182  0.464244\n",
      "6    0.002117  0.995012  0.002871\n",
      "7    0.002371  0.994970  0.002658\n",
      "8    0.844978  0.000177  0.154845\n",
      "9    0.731502  0.001138  0.267361\n",
      "10   0.575971  0.000157  0.423872\n",
      "11   0.697317  0.000178  0.302505\n",
      "12   0.000876  0.998077  0.001047\n",
      "13   0.578520  0.000184  0.421296\n",
      "14   0.034703  0.923000  0.042297\n",
      "15   0.633666  0.000189  0.366145\n",
      "16   0.846078  0.000167  0.153754\n",
      "17   0.034703  0.923000  0.042297\n",
      "18   0.591121  0.045134  0.363745\n",
      "19   0.548486  0.000181  0.451333\n",
      "20   0.004050  0.990922  0.005028\n",
      "21   0.944617  0.000071  0.055312\n",
      "22   0.117142  0.772282  0.110575\n",
      "23   0.005692  0.986949  0.007359\n",
      "24   0.621417  0.000188  0.378394\n",
      "25   0.002117  0.995012  0.002871\n",
      "26   0.000452  0.998877  0.000672\n",
      "27   0.002117  0.995012  0.002871\n",
      "28   0.000644  0.997352  0.002004\n",
      "29   0.004447  0.991915  0.003638\n",
      "..        ...       ...       ...\n",
      "270  0.988787  0.000077  0.011136\n",
      "271  0.643450  0.000192  0.356359\n",
      "272  0.635023  0.000156  0.364820\n",
      "273  0.667013  0.000154  0.332833\n",
      "274  0.578090  0.000141  0.421769\n",
      "275  0.000300  0.999273  0.000427\n",
      "276  0.319313  0.448556  0.232132\n",
      "277  0.552565  0.000184  0.447251\n",
      "278  0.546494  0.000181  0.453325\n",
      "279  0.002588  0.990732  0.006681\n",
      "280  0.002117  0.995012  0.002871\n",
      "281  0.013267  0.970084  0.016649\n",
      "282  0.578090  0.000141  0.421769\n",
      "283  0.729662  0.001177  0.269160\n",
      "284  0.944617  0.000071  0.055312\n",
      "285  0.171591  0.299584  0.528824\n",
      "286  0.546205  0.000149  0.453646\n",
      "287  0.600254  0.000164  0.399582\n",
      "288  0.663687  0.000078  0.336235\n",
      "289  0.885014  0.000295  0.114690\n",
      "290  0.562362  0.000182  0.437456\n",
      "291  0.000237  0.999336  0.000428\n",
      "292  0.141982  0.719732  0.138286\n",
      "293  0.994229  0.000066  0.005705\n",
      "294  0.689473  0.000168  0.310358\n",
      "295  0.731502  0.001138  0.267361\n",
      "296  0.606878  0.041023  0.352099\n",
      "297  0.767072  0.000187  0.232741\n",
      "298  0.001313  0.997804  0.000883\n",
      "299  0.635023  0.000156  0.364820\n",
      "\n",
      "[300 rows x 3 columns]\n"
     ]
    }
   ],
   "source": [
    "##寫入檔案\n",
    "pd_data = pd.DataFrame(clf.predict_proba(test))\n",
    "print(pd_data)\n",
    "pd_data.to_csv('ans.csv')"
   ]
  },
  {
   "cell_type": "code",
   "execution_count": null,
   "metadata": {},
   "outputs": [],
   "source": [
    "#from sklearn.neighbors import KNeighborsClassifier\n",
    "#from sklearn.linear_model import LogisticRegressionCV\n",
    "#from sklearn.gaussian_process import GaussianProcessClassifier\n",
    "#clf = LogisticRegressionCV(cv=5, random_state=0)\n",
    "#clf.fit(x_train, y_train)"
   ]
  },
  {
   "cell_type": "code",
   "execution_count": null,
   "metadata": {},
   "outputs": [],
   "source": [
    "#print(clf.predict(x_test))\n",
    "#print(x_test.shape)"
   ]
  },
  {
   "cell_type": "code",
   "execution_count": null,
   "metadata": {},
   "outputs": [],
   "source": [
    "#print(test.shape)\n",
    "print(clf.predict_proba(test).shape) ##"
   ]
  }
 ],
 "metadata": {
  "kernelspec": {
   "display_name": "Python 3",
   "language": "python",
   "name": "python3"
  },
  "language_info": {
   "codemirror_mode": {
    "name": "ipython",
    "version": 3
   },
   "file_extension": ".py",
   "mimetype": "text/x-python",
   "name": "python",
   "nbconvert_exporter": "python",
   "pygments_lexer": "ipython3",
   "version": "3.7.1"
  }
 },
 "nbformat": 4,
 "nbformat_minor": 2
}
